1474850508951142406
1503329170650243075
1451045887371739138
1445461578581643275
1480919877976272908
1462786092181118980
1500782000323575813
1468057503476842498
1479617048309288970
1481683263261491206
1503832442515435524
1507094268195782656
1471833678493929480
1437852842363064322
1469024728090353668
1459715746829946885
1476420434686005250
1471137745590386689
1478537414163386372
1492648940772200449
1486645703715741700
1475713791350304772
1494241591871131652
1442639370889084935
1494003477961449481
1480421515619307520
1462999081706532864
1488538527268749326
1475087418256728070
1493192738350661633
1436352696911638528
1451031240220491779
1451619877496655875
1440152796083286019
1493376602687913986
1450338228414738432
1453719836769595393
1497263504574849037
1503156392206737410
1494880916300353536
1462627411124789248
1492967009436450820
1474398590357450752
1459473394886455296
1507851041177485323
1439828100569833474
1441657252469903366
1466149893140008969
1493941204383371268
1505129794744238084
1494319378216726530
1490249643388817410
1442208000190550024
1505262864331952132
1439254244088025091
1478394888655933459
1478550672777822212
1507958290617012228
1494655980231176202
1448924985037258755
1482322587296411650
1507590424638234626
1467582600361525251
1450604581721886721
1437011268129501189
1455568204793851923
1498264768188194819
1502688172760879116
1449958763557916673
1509016066818727936
1452165542089875458
1488807277826039812
1508747214893506564
1495022749588369414
1493618391718019075
1452791563357196293
1442586419038461963
1465418129274716160
1474069246359580674
1443093222033543169
1463304367054983170
1454626184285855751
1441059505043869696
1476006229243830276
1502465780713025541
1439897314928340993
1479991117441552389
1486929621438271498
1487300780579340289
1445332138203697152
1446609334146899981
1462125529566310400
1478181799306010624
1503368792025571337
1450364574549479430
1486218303836016640
1439203169859354624
1506740457103147013
1469104168061181956
1486827213739679745
1447362925946146818
1470608169718059010
1491265557496463361
1498679562632413186
1480735694154838018
1483484720218398723
1483156166297464835
1446294745718865927
1475020884016574467
1450407080045731843
1455154863487193088
1439235957866258434
1473162408348815363
1463491281284476936
1492572694621032452
1466286519753351169
1475950005835997187
1441807688040542208
1467777959759126530
1472204041761533953
1494409977087373315
1494670689365803015
1457406245866926083
1503402390992658441
1445389281862815760
1445957482044559363
1495737668000489480
1495831747589820417
1473684431642767374
1472435862033948675
1461742881471926274
1438996495898869760
1451215472771411973
1502242590720200705
1443112535637565441
1472950822845702147
1441168221026111488
1491492938081353729
1505237227042869248
1448005407637590016
1502163671459368962
1481114537797746692
1474914648877334529
1449180344062660612
1469529988152139779
1488577557188554758
1498149140399853569
1478755580001103875
1488309697119621124
1469306247941869575
1457323093626654721
1455696980085133315
1439782470224842753
1459043588617105408
1464309930496708613
1486806089891000321
1436460746595082249
1463924980777984001
1492985911965106178
1469518703460958210
1457634559953195009
1475060119801057287
1486843242796978177
1475716248063283200
1497217396574150661
1475503770067177473
1469272263837036551
1508489902995881990
1487517703615258625
1509050349625253890
1474835861774684168
1502027012793323522
1507560014768181252
1483152474999603205
1504116772932259848
1452867867431485441
1436412214286721025
1468700269055782924
1500636073776807936
1494002734151970825
1480406634182725634
1476986675154743297
1465141056660508673
1467320896943575045
1492196079525318661
1454856231806554113
1460531649712562177
1440629654897893381
1467488564665630723
1506414373320896512
1490195807848570880
1493735751334436864
1469808710012837893
1463276695683743745
1446281019456425989
1494626370886025224
1477824404168003586
1465686563799515147
1440874314958442496
1436654343936151553
1457409180722151427
1500353803329028098
1453876754788065282
1500067672108814340
1471974732916482055
1499361537063981056
1452774529894260742
1436430199726481410
1495498620824702980
1480193193669009410
1443117453383503872
1453741386654633999
1444272524934717452
1442964483488432128
1448861294132555777
1475234427814891523
1470548903665840128
1501641432729276423
1481649846637400080
1443462385352773634
1460463959446679558
1505112600316682244
1456215715061514247
1507491819231531008
1489875032365056001
1489397497936027649
1448567634476294145
1480008035237916672
1498892230819409922
1499525728303337485
1446757405740699649
1480906212392812552
1452642731134754823
1486085694288285711
1463127046851219463
1461184968952930313
1491916971511738368
1465397317553442816
1488824845873913862
1499947614103502851
1448768653734809600
1493297231889321986
1486084207386443780
1452736687688327169
1449479989326487554
1503958744333529089
1494843643382878210
1445917122518044672
1455705371557904387
1450146847406833666
1471719402827624450
1462852781484789762
1441261250629947392
1502456046807396352
1460373375726014471
1443792937167593477
1480739133903589376
1442503841782505473
1492440943609675777
1466440147151441921
1478802659897393152
1497581228207185924
1450606387898290181
1475549426676469760
1448018784388673540
1475485571162288133
1450516425731411977
1445606885248303104
1508003165240758273
1458641425176743939
1487806008592412673
1447956004789002240
1448831083575840770
1457195858617933827
1499771302323830789
1509503822476972038
1464025482148540420
1465241548312961031
1493107033200992262
1468342528390873095
1497994385912385545
1463731335797915652
1483180109020475395
1505304927987544072
1440025868210954248
1496981714836594691
1485185241606397953
1448632107224420355
1450991046167433216
1506029772647845899
1482823400141824007
1438491715317469190
1466044808305205251
1454713471942098944
1446726880724328450
1442732210650558464
1493334288200310786
1484014504136429568
1440109095135035392
1494008710070476801
1495243425666543618
1467790589672493056
1491605492531175427
1443256530606886913
1495048088838455297
1488280875720577026
1444558684781174786
1459023881780428803
1489752330731855875
1437615424904957956
1450541120899977229
1477802163996962824
1459333899805360129
1444083793623724032
1439289770493071364
1475141299980414981
1455955239375294467
1490371190870978567
1496473719891689473
1435794520852074500
1463115715020533764
1489791719860146176
1507850736012509193
1461714030838665225
1499383896416337925
1500071068605849601
1490851041406971906
1457924535706079234
1443448669634662404
1468118958297563139
1441365739873574918
1480834347984986115
1483536292952616967
1449257618522869764
1437984008294604805
1458024456782323713
1478474585368576001
1479273416834228226
1453504879054491653
1483424645386838020
1484080307150241793
1507178853059510275
1486093745540018180
1455546501430657025
1504262471565127686
1475739690800193539
1482540796482134019
1504129013228445704
1490994916201308162
1482254658815291396
1484390895818612737
1471358121016950784
1484762091340845059
1492570225837019136
1494809034498580483
1435984895059300353
1449913561992646657
1491089395780583425
1468005660663111687
1447591635836018691
1470730612533252107
1438898841219002370
1503829512097873927
1466487504425660419
1484698421936144387
1463270924602462213
1504105725362159617
1449373515459665922
1460579184275869707
1506558855509168130
1474493969639821312
1446444671476056067
1457601659261972484
1480689224252805121
1502795882735206402
1438961718495940613
1474273020491407361
1497188749402333185
1459652053714841607
1439176764794703872
1445060632185696259
1437179024963420163
1474431370248130560
1483448911687790594
1483418925157212161
1450523632111816706
1454580962482872329
1488324282677669893
1460937861033869313
1476287159468396546
1449378896135311362
1476665536671100932
1460761557239885824
1449315234338988034
1482947483525427202
1446957056091623425
1476944276349145089
1447862146226921474
1437330816418320390
1451379003126865922
1503632434776051713
1474341047102803969
1437189745277214722
1472089333096226816
1448528882936606724
1450629852168478722
1463157155633283084
1479276294256820228
1495897328980480000
1483888864003596289
1437596576545787904
1479766344111435779
1437827062308409344
1446128693307338757
1436336616436641794
1443167903612907521
1485136486236241922
1470579147449765889
1469311465077329925
1495617919111340037
1435972236817621001
1470397646783324160
1460456436329324550
1462380419442089984
1499493126171410432
1461716041927512072
1448820742552838147
1442323538447253505
1493635951050035210
1504206795970994176
1447279403700994050
1460990562774011914
1438954877695242242
1436008260839092224
1443782329470754816
1467656164066217986
1486235272903856130
1444152078419382273
1437761423782944769
1486373386880266245
1454680316484853760
1466549475464282113
1494991214520815616
1461360701893611537
1459381007614980097
1509492888127909890
1450047523901542405
1442496775630192641
1475739887559139329
1439306695809896458
1474524785426247680
1444326384764014596
1464884371823939588
1480277384909574145
1447237225096232966
1497794404542828546
1494796434734202881
1501392507178999815
1466286723944501256
1436094713950519298
1444937748884905987
1478832901768704000
1478453005649420289
1445138037919342599
1460990469677142016
1470723834722816001
1490732529669705732
1506230153378115588
1467944325195735046
1502425613726007301
1453940414793220098
1497951998452273156
1509645662048206858
1506354212040495114
1498696377332903939
1505769945388691456
1439648911958974468
1443871702191165440
1439116984533258241
1444744933169111048
1496610280582762497
1472221710858530823
1460589676687933445
1440814231763357704
1478208619761995779
1437547361069412357
1499575470450298881
1481453596902187009
1499055520069652486
1475942857752072195
1441520410244222977
1491726675402706947
1501155669780705280
1481982971699675137
1451588771405832193
1458578604649066501
1445596887331917827
1488963694675382272
1507234767674118145
1500891191767977989
1496613589557592067
1465019695572996097
1482931055808024580
1444457448635576322
1456390778591318030
1478678017396428800
1491436995411058690
1468163715908321282
1439271844033400832
1505037911208562690
1496505108158468098
1449659636974596096
1480287983475462144
1477398177443684355
1474073892964782085
1452563543694450690
1469644005587755015
1469604898966749186
1472205512217403395
1451927119383105550
1470934813926252553
1506893701116739588
1461724841732620294
1466886276100108291
1489612912360628224
1469328810881417226
1475234428288831488
1492650066439516161
1494237429213147138
1499196814633091073
1463942242033291307
1474926189294850051
1449041987626278917
1499052543086927879
1463112143197196292
1470518467954724869
1452785906134380544
1480424622034079745
1464451569634582530
1486021597383340038
1465747815943098369
1499189402748268548
1506204983473041410
1481002237014933513
1486183650811125762
1451990889732055041
1475609688414818310
1480729940807016449
1444242079836672000
1436725177233051648
1481460951404761092
1438278988288380930
1470076925129416706
1494388978371350543
1441470535280611328
1482782299674460161
1439679622195650561
1449393275010486283
1444256912271450116
1461554024294105089
1446065671654154250
1507336857280909317
1447039887933427716
1452716325160243214
1503197312381820931
1476439029855965184
1508063877199810563
1507462811898695682
1463429948912271366
1472094921003700224
1463239436167262212
1471461310403645440
1464420727713529857
1486078637963161607
1473027367102660609
1436010999773995013
1489055260060491781
1474128618984988711
1464062399112261659
1480617292652158977
1498465640365314051
1469573352675102720
1442880838417334274
1460527052902309892
1485926631751491584
1466444750467313673
1488419737726066691
1466490478531129344
1468659629982990337
1440487777447989250
1480949833242329088
1473678304116887553
1481408966827544577
1482811920545882112
1440473357313474574
1452004188272173056
1503093006705995777
1457286911391903744
1477553244553584643
1497371749280714753
1485820310863581185
1459260382720274432
1480784574737092608
1487854484277633024
1489205461060620297
1435775820300181504
1504950930973806604
1500812599797161988
1457330029029957633
1491793648576466953
1459221452100714498
1484277729705213953
1446343819549556736
1444624232885981187
1493781513481064452
1497799758286577664
1464207085684420622
1493004839189680130
1490037011431968769
1466843010189119491
1497212156596600852
1459102359016165376
1439130110095888385
1452309758476800011
1440428515791282178
1444115416771702784
1459526847507668994
1436071776027615233
1506824453015191558
1457880642352402433
1482525035373940736
1489106217981341698
1453111181204508674
1501371175221534720
1495021722315411458
1442919895029600257
1440468677665562631
1458663410632204288
1483726913814286340
1440246643157135363
1458311232209899522
1445118290003697667
1493681363878297601
1501960217906536448
1448754891799793668
1506850611085852681
1491180194572677122
1486463841068371978
1469329260838113291
1463926171691892748
1462649344696463361
1501725039263162373
1443730842153635840
1477203940764950530
1445818942249861129
1454370752661176320
1439236938591088644
1462079703544594439
1481065228003872768
1486222066600665088
1457182300479758336
1462117833035321346
1439308127455916038
1449309379916795907
1492452027875667968
1441176776571457537
1442897200187543553
1482500953211346947
1502072020183531534
1437216463601868805
1476017047553327107
1462145986772492290
1468780543571636236
1447950072813998090
1469560954769883138
1482060030513922049
1446373762618830849
1502687732874760197
1493552377462407170
1446666910553161730
1509225210326798354
1455606039647301633
1458644286921228288
1457142963851743235
1488856935319302145
1437842099500617736
1474156071493279746
1481465691576352769
1447259799440269316
1505751892252667905
1501295071924215820
1489176174077091842
1489735713146818560
1470884898005266434
1471757398956077064
1451641149563756547
1492302123777859584
1450627257530126336
1443101362275880962
1450798064772558849
1492752365383938052
1487989364731052033
1508490201248661504
1455087611467468806
1444934572559388677
1449647236728639491
1465648857446895616
1436732360071028740
1503238763954147329
1450486116944121858
1459073022275600402
1446926199922565126
1502351906982801412
1483682003874627587
1445156818775416841
1489532324446457859
1481188170670559232
1462671314263560194
1462914286779617282
1494599358293151745
1475850327702204418
1460668432119181316
1470001116607926279
1451656631012450316
1501947244920008712
1493683031399403526
1505714244750221315
1499761540127408138
1484217745621274631
1441007500074049537
1445453982093041674
1484145644939972616
1497016998773276672
1460653328279355397
1486526097344794636
1486454317670354945
1455400224768331783
1442744680219877379
1501373505333604355
1441777675006140427
1489738451838812165
1440544720967462919
1467680407965650947
1479887071242334213
1502974476903931904
1505755076165472258
1504586221523197954
1447960977807486980
1496966006752768013
1438907383615561730
1475626451143733253
1486407116659249152
1449537786504122368
1445394504543002631
1448493135428943872
1460913576642818051
1450959882459418625
1471578362615377938
1480581777404035075
1468108624115351552
1490468922134605835
1486021598616432649
1507141620889579529
1443323274188886017
1455082900286853121
1440943774532837379
1491855578116808704
1508000319313166337
1457334962772922369
1442630085345951744
1467388278878146560
1495493220536573964
1506838096796651524
1487061087686205444
1439846578265546753
1503357758552301573
1505176910644625413
1463661993278287874
1489812610161672196
1465177923325857794
1448607860066295815
1490649394844209158
1501796642361643008
1487107160144285696
1467636827465134080
1503238759998926848
1441761898878234626
1457347834148179968
1439460435384836096
1436508147200544769
1461973343087722501
1486046676162916353
1502485106723737600
1503176959009902596
1461375791737053184
1463931385601794050
1484977551051210758
1451923491461156864
1459715743428325379
1486203249765994496
1503818837174722565
1437283213995614212
1484275620033015813
1485360649085480960
1438310727178244101
1496325392541622279
1441609226191790080
1436070026776236043
1441730922684960770
1491949648399024129
1463544445547204616
1467259865085231111
1462287912662413317
1459567938533564430
1502123209058967555
1436193069359984649
1481621765331865603
1503389729596735489
1499577801078362115
1468317782336946184
1506827989270638592
1449076675371749381
1502712886128521220
1450717673432694784
1460717614263635968
1447568643055931400
1440458579610193921
1453926560671485957
1463252597591183364
1502058918364983296
1469179283218305028
1453613801706766339
1473879684576264196
1472297790080524291
1486517437008945152
1450867441987252225
1449765856645369857
1476799382213128192
1438223833253691393
1482898933764526083
1498531296062341123
1440797858836332549
1442874839346286599
1451360222912647169
1435784521459322888
1464985943266545678
1449784342327169024
1475346033290981380
1460177012795060226
1505182148005068801
1472276973158293508
1472286636046233605
1488399611341328384
1454457282469580803
1482554348492271624
1463293116816011271
1494177231085748224
1471750911148109828
1492661874227396610
1470813439643865088
1475711441583943681
1483495993761054726
1493748270635511809
1480759176452186120
1435848390663835648
1489237907323990020
1467055301496999936
1472792405858349056
1466079260041355265
1481501043083350022
1476284753263226880
1448935772334137347
1488505263946620928
1468098184236969984
1486519691464122371
1440464029411987461
1483907719455199239
1488457599888543744
1444872023868514309
1486438416950579205
1465748786291134466
1456161157497110529
1474429725867184150
1447508895287558146
1444810898036727810
1469464098928746496
1491043053083455489
1498622947418062850
1451410605336793088
1481732293974802435
1455091157902446593
1487327478318174208
1503071958975586306
1509196695468445704
1468006592851312644
1499476486755172352
1438558867676442627
1480214471259955200
1494335112929972237
1459026651719868420
1441609226191790080
1509453056336879619
1465806689840427015
1443105229004750850
1470364554429411331
1483971661867073540
1474921267778269188
1495041734455218178
1481615940047548416
1488937459538968580
1443450826031198209
1479355196257931265
1480464056041545730
1446181176004259846
1484684916528803840
1488833902764515329
1499143412049752068
1496923541819867142
1455602572937531393
1467986524390182919
1439233512465330181
1451534295567376414
1443601278416965637
1455572821535387648
1440268029149913100
1440284131548561419
1499727473411563526
1458735372461092864
1482037288813137923
1474383752482758664
1439112585220018179
1503224560958980096
1470819568776065032
1466928085970923522
1457422653485162501
1446688465140207620
1458283944172994562
1500136106590932999
1459061498626535424
1501574408174981121
1455481785136160768
1478898418634403850
1467491134289195017
1461807286435864583
1436259047473393674
1503457723345739781
1469670820129742860
1442527918291365893
1442259203863851009
1472459374400524288
1485870683510870017
1509484258267598855
1445845047442911234
1485225417497882624
1477584014852689920
1451264738676154377
1437320919462998018
1469302537312477187
1439088611194933251
1454287887961255943
1475630785726140417
1466694790611750916
1481221193806057479
1460731594550005771
1468788749614080007
1441894495998541825
1481869107910037506
1500373492952612864
1483007763517169664
1441036069374332930
1459577539857461251
1470493090905567237
1495094868275863556
1447205303414632452
1440982032746749952
1462948392720424960
1500186106301616128
1489346141770727434
1477345828880752641
1458202555486515206
1471377601000321024
1506881897406017540
1453112821609373704
1499811919116517378
1486985524372176896
1503575268786647047
1461571210500878336
1437306820180250625
1483300777179463680
1448924034352050183
1477810510968115201
1484515186526633991
1480092140088614913
1450461625937448964
1490671599783231500
1477091175576264706
1465457630680387587
1453701383417475073
1449447740430295049
1436672949742866434
1470911324112801800
1470520701501255687
1463437632587841536
1479675433000046596
1445163814358560774
1475254009925570572
1505554250897756163
1499570558379380749
1474650805395496961
1485134598157840384
1490012664516399106
1449629808502050818
1492381890698887169
1454253241365979136
1491859139089551361
1441691579710906368
1481113274103914498
1473885926237433856
1502623499105546245
1465203116937199622
1473358025578659841
1469704035481575433
1498927014891646978
1483889108003000320
1437793399105638414
1466925662556635143
1449272016633217024
1462862815073648649
1438578204898471940
1473020329706598400
1466367553182130176
1445938966696390658
1486138686207143938
1450669373371269124
1462140133659009028
1486975450689994755
1469012105479266312
1470850174507372548
1478507744860770305
1442861892154761223
1446617346446069767
1449114932977537030
1451905749542637575
1470348998787706880
1484199081643855873
1454620682344673284
1462542255307169792
1455046255638364164
1490666086886432771
1498431120731516935
1463419420236259330
1480029996282523651
1439342003112738816
1501022422262190081
1488604282240831488
1506603812265799685
1494533618483351554
1478737300263739394
1489295997792669697
1451862076469698571
1479638669912948736
1470825600986189824
1508236252583284740
1498966555589484544
1439062509093261317
1459386804495396865
1497097170125742081
1484332413169782785
1466957246017982465
1453280236020379656
1454803536634650626
1440856057731973123
1447649046672203776
1445497420561805327
1449406995203641347
1471365672106037252
1449934273415454721
1473693454010048521
1475981340650528768
1487636044195450881
1463765312659099653
1502119377323311107
1457433658541871106
1465272866614779909
1450190882523779078
1477598891793129472
1478357913810911233
1493467685740376064
1450505823071973379
1438650323619430401
1498661719551401985
1457177442737602564
1505708423534493699
1456323086798753799
1509121325780148227
1500879000012472320
1471154690889031686
1440145317400178700
1503010452544135170
1479813767395430401
1508685408414371843
1449304595113537537
1454803531727245313
1483517951210885124
1508397632443457536
1462735484015169542
1440160030343385089
1483158198588780549
1472059142227435522
1491501766797664257
1475578136519757832
1509191318936858625
1471887680028004353
1483808531803676672
1438720519491182594
1461737778996260874
1466478579022192646
1456373090171097093
1465542831204823041
1450101291389173764
1474152675428155395
1476460270574837763
1494713822963195909
1504275244734828545
1497144302086103041
1457933905596665861
1466034770958340099
1504315904674435074
1507254273746227201
1454006868561457152
1474634074216038403
1474387476630417410
1455786802737041412
1478793207219638280
1450505823071973379
1458577827708739584
1501962212587487235
1476037060448292868
1508020135163953152
1503077184449261572
1443742534958780424
1441365737063419913
1467693362891218947
1496974832470302720
1507100519738884102
1504361879212216320
1504257889699041288
1504041014503227394
1479860216678203395
1507066455149490176
1474861211640602629
1446315746309644288
1493383097991274499
1435957476449558529
1477062534700011520
1450275882799562753
1507076300200353792
1473831123775983617
1472984296910729230
1506397366294884355
1451321217734963209
1478097716139933698
1503560404219445261
1437938584955146244
1453840235469606912
1443332881955258371
1498442242188804096
1449355262666498059
1493269131646361602
1450271438913425408
1449912015930093570
1478160957033512960
1453056371180679168
1495540691849695239
1499040732472135685
1466851632763879426
1469642292709392388
1470718468857024515
1463216371559550977
1454840072776216586
1470401555648196613
1488653375038099456
1481052618956881920
1483578977860083721
1493877049962143746
1492424816661389312
1458056391206313984
1475715351346233344
1499070679488028685
1436653194571100162
1445098568042401792
1466325669386895360
1483168196949540867
1453547827599224835
1509010029915127808
1444936326684594180
1491450577548877825
1494849223061237761
1462066922418315276
1487143487464087555
1438840355772723202
1461647964544413697
1487436193151299585
1464223335345111043
1460593956543086593
1449606714941067267
1452563670538629120
1469956429553405954
1456406163507974146
1487266293560582145
1471110834357260288
1502162785731375108
1467716121168158720
1449985024644816898
1439048330852569089
1467751257209139202
1488858452621471744
1491023329188528128
1457896777491812354
1438847388836265984
1470425364694458371
1437353790479425536
1440932276846485505
1490613312052154371
1453124857793851392
1445014932106485762
1508054031117262856
1491115400515694592
1475171960225210368
1447362924864053249
1460702761801158665
1447254964007489539
1456373090259177475
1452329233359966210
1504473647691362307
1453464142497468422
1484498679231041541
1441063030205337605
1451043474396966919
1506571728872427521
1480028711420416006
1480060451077513219
1450734633528725508
1447237222290313225
1476848835636912129
1477228352461172736
1504244634163331072
1437566973274173446
1469438364684324877
1460921843263565824
1464289462117187589
1469734205911277573
1506700972248109057
1508865824043454465
1444126149739565062
1473114056961794054
1465973488183758849
1491902796039442432
1487070103258738694
1451156848346755085
1437595217880920067
1474037557101015043
1477470920675631106
1455117281793507331
1491119412493287425
1490372897050873856
1504679657697955840
1492712279082774528
1453681322048692227
1477278340612456449
1440592361906589702
1439782470879154179
1472420190918889474
1466737154852376583
1506070864072163329
1497280950664896523
1447460983572627466
1451428671844012035
1490502623316873221
1504545727309041683
1473899209426276353
1488091652140851201
1444673755255656449
1442447064915267592
1445307055703826432
1447510393899913225
1507401012310523906
1502420291112378376
1442644241537187844
1458010227211751424
1463097324603944966
1502335608936669187
1449822741192974338
1476090370895355910
1505099495075418120
1440216073064701963
1471812216676573187
1445022923752972288
1465457425947918339
1449358281609252868
1472700778817196032
1472677286193344514
1473671092380180484
1469931194628329473
1452490607897858052
1456070042529959937
1453221003161751557
1435994066144137218
1504118758427738114
1453887988060983299
1500806189780971521
1456204678220304385
1435929013181194243
1469580281761828866
1499189895465562113
1491429606075023362
1507542400432058373
1494622984157347841
1458989745199935490
1466423976993902595
1454933408099016714
1441423623483314179
1440789225406824458
1437294439463010304
1439483799981658113
1438674172872429569
1495005393638109186
1477185935909527556
1499009646069268486
1494503799104622592
1449500662094462978
1476023774260645889
1490421652890341378
1475049480474951680
1506082090412130309
1459307934660370435
1501604327953162240
1484672556028289025
1454651043107598336
1465827990982610957
1464778181659881476
1437305538589560834
1449234273433579522
1483598154758950912
1480887132776452104
1504287961273159680
1448969792120000521
1490519274833678343
1451477306925481989
1438578490299731999
1464304101198548996
1460940268836900869
1500639499973447689
1477091570499432450
1498138366491176967
1443293109077659650
1495139142317002758
1445190253183180801
1441024269895405570
1495533198012473344
1440535994625716224
1469306247874859018
1483430020479688710
1486480414391009280
1466690711223357442
1492818074717892615
1488170169637691394
1462570211479982081
1487412717011062786
1439344740198064130
1487878892735983619
1465233768063586304
1469529993604653065
1487410286453735427
1436309450206425112
1460850239800332289
1501466848445239296
1492906131257118723
1452602897947103246
1456113219467087874
1483423259387482115
1471365536416034818
1462693709330452485
1498171606039945221
1474655477241942024
1476645406817886213
1446095377007058948
1440933694215180288
1476774513786474496
1484920450706771978
1475329381757165568
1449368271304773634
1507875047813357577
1503136274114301959
1508073429370552324
1451321217240162304
1497958141119578112
1507114911964569601
1467242475731537920
1483456533765799937
1496297556204261381
1438393754499616770
1475070343802880007
1489216880120324096
1481245211544064001
1475942904732422145
1462948388975124490
1438193304231759875
1461649880200351745
1484236771072397313
1443162623701356546
1477306557209534470
1496751964545499139
1476773042256633859
1453606667103334402
1458280665900883970
1462339639616983044
1466283759188250625
1458099994804858889
1503550574725378048
1445229718081392641
1482619803248607235
1474453557894131714
1453493127176605703
1482581353145450499
1449842221604294656
1507146047713333258
1451148082507358213
1458060409949368325
1498639476381392896
1468237349494603785
1436996813035167750
1456020871475195905
1465128486088159232
1478489043524636672
1491085286469955589
1466448157961773061
1477021927248207881
1477513867987062784
1492612616153444352
1486055757976158212
1468762505661104131
1482100187686449157
1471988815799726080
1477275615216775172
1491269598918098944
1477883607305764865
1436935571256061954
1441239203518373890
1469030615785873418
1463509733105623044
1445352132148875271
1498009273149841408
1441564302276657156
1481094804297629699
1450654046977593346
1479916585573699584
1471109229880696837
1491640078015205376
1443230383416516609
1440412764174893056
1484022193436921859
1479449417535082496
1477039746526420992
1444721108750569473
1480898767809249280
1483828678895226881
1496733360433283073
1450185829108834304
1490371162278408193
1452481306290315269
1436705363282309120
1500932862689923077
1451293791734820866
1452384771355598855
1443466925204381698
1461810877305442307
1473315528014012419
1450825931644280835
1466929312481923077
1463681044289363972
1509033552112877570
1447428805564452865
1486109488260206592
1494853355092512768
1450905067909955589
1449976229902258176
1470842160899571725
1475748519197626370
1449994614753136643
1455651989799440389
1446557298667753491
1502038374735044616
1449874680890814466
1460660056769409028
1504500991105941516
1496917357260046337
1504332019660169216
1509531023092158465
1456222537650741253
1480141402386296832
1475794889589903365
1443845227350011914
1440882705512779776
1438367282816712704
1497033660352151555
1449723375090348032
1451322916491173891
1468792066843029508
1455164761428135938
1495774132948111360
1488151863207866369
1484877766264766464
1498365455945379847
1446612970771996673
1477393397019078656
1483735224722898949
1493904791621312516
1442626199302414340
1439626024954781699
1479210841274736641
1467576842320322580
1463982633134825478
1502562417221390341
1490916870475874304
1484361255699705857
1472700776317345794
1457710835493638145
1463263721178996736
1461120964163510276
1489976821458391047
1502696262071640071
1445872169913888770
1477687190780092429
1479854529202069504
1473775132841807876
1470770994495336452
1468718782021398532
1496663825298477058
1505211140565094406
1484672648999501824
1488890562434449420
1502471060079484930
1460102738751242240
1473028094097248264
1507052427840790534
1449654925957402625
1477521480237858816
1505651709611237378
1466831285805006849
1442501198980993026
1463286113242685445
1497774591732862979
1459075257126600704
1495287587652648964
1500243598591537154
1455755567016779776
1452924996523679744
1486793098831278090
1449913263496564741
1448768653734809600
1509269128259031042
1481816007664676866
1468347824945471492
1479691911875149833
1437434706434220044
1450808322630819866
1480028248608227334
1477583913434320898
1501366187061805056
1457855178456145923
1478028186571137025
1457350578942664709
1485971145488744452
1480192913275564033
1477614370674950150
1462464465824206849
1447718814406283269
1494849254090625027
1463690047102889985
1460003455997648897
1490575487965577223
1506001967826587650
1472700686517215232
1471036763414147077
1448698119978295315
1485793665754836993
1489764507664588800
1489768942469980161
1488485328164126720
1460361304372355072
1460491894111281156
1485242739751108615
1479954025743151108
1489030874230243328
1502262781596389379
1496402194790330369
1496492696130957317
1437030759055990787
1486589263294746626
1500523733517144065
1450642652777615361
1473321308314210304
1463444425472765956
1452759942440574976
1458712747617697793
1463000393559035906
1438390512206204928
1462972327742767108
1450681370196553728
1475340352835969025
1503801749366198273
1455277873141469186
1477862614759731201
1470731917309923332
1500853145911627777
1504444101558927369
1471392671172280323
1509511837653803008
1451516060524552199
1475617575992279050
1459706840825020417
1439167754821672960
1468449727104516097
1499086701171404800
1473328762532122625
1446038703827214339
1507049975032778760
1478930231205548036
1487602324487172096
1453447647910637570
1483551266962042882
1455484704870830092
1439990338052104192
1468105935096893445
1468230906599165953
1493850498834722821
1447757110364737536
1493204667693686787
1469107326707593216
1491034504890253313
1507238197956255747
1497167368618979339
1454182845136637957
1479763693525110786
1465285109750419464
1471736554448035842
1454257762205061120
1478784041537183745
1440747307759067136
1500420780957396994
1437814595486470146
1453639041929424899
1451702762224463877
1482624525346881542
1468612857755545604
1482518898557681664
1440098116091318282
1470340841487044609
1491895448587894785
1458984265031602177
1453007183008960524
1506958481651380236
1493948844140371968
1469559413090525185
1480350608242577409
1460663803457253388
1444953529752375298
1481233003607212034
1445136146074423314
1460358912905932800
1501912787362140168
1508749141714874372
1468046019460014086
1501114116856942593
1468065943330955276
1441636920560324612
1475305522194747394
1482991294054080515
1456090974795489283
1490402098139348998
1491535071945404418
1485655565892296715
1504071461853671424
1464247042197307400
1481990686031372291
1459406437210157061
1484653419860459520
1473627494569979909
1442151832457867267
1442794796448317442
1450987525435240451
1448972220630450177
1481564459818958848
1508177101760995333
1464069853598429198
1441234680406106123
1487608582346616837
1442310547249238020
1474294907208704002
1503381432873406466
1465849549847613440
1478460560081620992
1507606348091080707
1478887495081369601
1466943372858429445
1489690682675679232
1489803397041639425
1437301878702891011
1480704034839449603
1466843009069338627
1476324976164843522
1477715830028881922
1504186741024034822
1475800738584485891
1473462199385427969
1470108300842725379
1479620038831267843
1458604911697006595
1509499838777462785
1447428810048147458
1453167682761723907
1461812678700187653
1492826863298883586
1493363012362592257
1497394444299083782
1472460303262646275
1503957639914348545
1487732161486540801
1501624586823245824
1480147525210361856
1476855180805087235
1500973825327960065
1502777050314252290
1502290652771627017
1468602086556413956
1455157514597711873
1446654242580795404
1455616257647071232
1441960507523493893
1464488596572753920
1444303351550812164
1436051160453029890
1475815401347031048
1508055773234016259
1438579439370178565
1460167765206212609
1456030668803215365
1477259650437427204
1503156258270023682
1472681680905420800
1469477032514015237
1487270733667618821
1450859402911576064
1473426946952503296
1437689268755779596
1488615666600984578
1494983112916443137
1454943547346591745
1482786229980598272
1499256623801384960
1440794904360226819
1474946944887934977
1471159224151547909
1482496613155315713
1443331627581644809
1448011221538676736
1498580861561843715
1490647043928330242
1440462996497526784
1491606910763614209
1485327239319363586
1456044713811738625
1451997655765245952
1496839963773915143
1458798153226932233
1473324144783765519
1460850241591300097
1501344619266592777
1494670643907887109
1474693655730352128
1482539203242119170
1488446390116171778
1463254699855859712
1500294585565659140
1438556217136320519
1469471417217560580
1504597890420858887
1494483427453640706
1494372108494909442
1479726635935055873
1472612602572324868
1467726231646912513
1466900363404095490
1448572838944804865
1451663924911173633
1462671761665716227
1445646336804544517
1454794018034958336
1490819253947224071
1452542709529333763
1492649609864224769
1493483920318361600
1473473003652587521
1485943006838546434
1450207682615386112
1440134520972267521
1498798170108796928
1497149042039869441
1459141082533482500
1486521333643022338
1481028430422548488
1449602441175986179
1506440624760922117
1506178568203780098
1487048347001270280
1454211208467279872
1445694611209351187
1450725817437196289
1460073642440675333
1478942132714889218
1491704845078003712
1487262478685851649
1443894283791110148
1461895892919730184
1439592733807497219
1475820565135040516
1472395547310903297
1436824650781179905
1478600516213129218
1471341856952705024
1455490789497245707
1444091413998702598
1476716614968086533
1496386076642009092
1490425466259398661
1486196175766269952
1439664514098548737
1452963240410066949
1490639218334261248
1443446954487271424
1450994777327955968
1493134177541279745
1494198980011769857
1488435587765911553
1482216426236956675
1442433801569906691
1453268310842355715
1466462876542160900
1494337866754781195
1444136519183314946
1458776809986834432
1497952011328925698
1486886603721101313
1440577539164946436
1450490287307071492
1487602092890017802
1496795919261470720
1446205339863486466
1449456031055048705
1472192643627106308
1497764374068355077
1442062339247730695
1448074354080759811
1495216293309562880
1464213441862938630
1437152891135926273
1445200368300855298
1449437750147653634
1447230007705755650
1443633970357276679
1496931779735060480
1463714252351434754
1501242229620449283
1453388210294431753
1500913979052331009
1483861708351451136
1441785655437271041
1467162125877526537
1474439111494754304
1483203756187537416
1490625450833768448
1443767684374667271
1460464644359811079
1463276993298976771
1476915969675124738
1447393159466479616
1490680636302139392
1442632069931171845
1447244296483221505
1504223280009519109
1446768797646471170
1500328736482332676
1481660201233231873
1447957389227880453
1469543677651525637
1446251017860009989
1441586793229348870
1451611415102558232
1480291591407521793
1452510892927504386
1436484717898084353
1436188590954909697
1444518287363108864
1507497208060559362
1446617350099378177
1458248415024984070
1437467610250153987
1486046626586132482
1491790906072047617
1456198376203161600
1478322593534988292
1473406310867943424
1442713411633168385
1458280420995371008
1440425790043136017
1482258823817863172
1439739460858654721
1458747296053616644
1442338959355367428
1455820300554096646
1461335234448867333
1494954040794525697
1493485469497114624
1479587657177047045
1465049340372828167
1437814596996304896
1449659637423169538
1466409833763151882
1438860571818950662
1439356447935143937
1461632706660425728
1484147232228229124
1438140480596840449
1490014389159833603
1480626201031069699
1456270196407033862
1438096214407278597
1438972085150306309
1460282297182158850
1462511204212129794
1482642107198324736
1495117479697338368
1455988318760546308
1452583515284033538
1483891725370339332
1457830569740587014
1485912177533927424
1444487926205747201
1450402388372705282
1460371830791831556
1472223918576615430
1447591829365395460
1490183891310755840
1490279610176929793
1488601300472410113
1506079045729067009
1455205304598241286
1457901444615610370
1489193562717753349
1455624045265768450
1489384281265025025
1493944713749180422
1475987916002193410
1492034645956902960
1504179993915453440
1502582620861140993
1437117698475900929
1464274882347343875
1453706011701878787
1439103411887108111
1443700826657091588
1506124804788678663
1441006144038875136
1441426580354461701
1451323306259492865
1448557724288040961
1472880991052218368
1460896976090939394
1461855320959979523
1482918178837704705
1437523201014304768
1473056882503917569
1450211273052868612
1447275284667981826
1472075362096066561
1495884319595892746
1462184707450228742
1496989665001361412
1470931335413960711
1461893698803830788
1475660730426871818
1502319089355833344
1452140495996481543
1451419809774592003
1503685234742771725
1482810343671828480
1471320998662209537
1479362650584715265
1489931042957971457
1466318611115651082
1443513647716782082
1481503793057574915
1499433344286740481
1445652809961988103
1444929530280517634
1496469632739328005
1448564082047475716
1483015032153718784
1490563199883784196
1481231447881097217
1507334059902619694
1473931971495612418
1454718768165187585
1457320207110836224
1444310309703929859
1466336318947053568
1436605125854777353
1440556568001482763
1469574702742085637
1469510496432832512
1443593754414227462
1471358259084685314
1484296535944876039
1450866201324707840
1449179144131072014
1463661458525466633
1435924229438967811
1491860754408128514
1445887260960845829
1506508315173408769
1508203044202508289
1488824352200085504
1436552241490509824
1471988886096261128
1501782700184649728
1482245790592811008
1507706878373027850
1464097082655002651
1438636923245969410
1445236266790961154
1469062270588272640
1503474516462288904
1447938802157248517
1478047999859302401
1484632822564409355
1485190682419646465
1468947501902348295
1480639614264262660
1473649115812745216
1474435118941061120
1486008081444179970
1455842594764857347
1503969067358556167
1499906717970153472
1492124217638363138
1459012419443904514
1493767559325253633
1488997836784123910
1437662477576196099
1439481238918557699
1507858400104751104
1442386125755088900
1495144389273862145
1458080580785016836
1464628788038410242
1487523804817485829
1480402826153058304
1452752977786286081
1501226091041951744
1460937466140102657
1465678838378205190
1451041940087128064
1478547533320400902
1468477974047559680
1467852671231143943
1475856166077046787
1475609688414818310
1436521446419935234
1455356095208296450
1499100414452584449
1443574444207730690
1442365596851589121
1503861797509607425
1467827732277084162
1451284849206063120
1449381134773755909
1447016255857168391
1458863073847095306
1457298747218616326
1478254824160325633
1454318080775974913
1462600264293048323
1481063289551560706
1508116380448694274
1445521647377715200
1491846028412264448
1483986206501134337
1489828949421142016
1438661320958627842
1452176581615624200
1440560330745151495
1444907982517583874
1473455904490201093
1467917257925959690
1493289379590291464
1492908265805877250
1435765947143495686
1436167535230128129
1503260266146025475
1506700837011218433
1493227482501234692
1506549000475926529
1490306250105569283
1507204535714029570
1509086747900227592
1484124132493213700
1498339043431436291
1484335100921729027
1498524167821578243
1505785203662331906
1452461752545910794
1508607175593275392
1478005074152419328
1463222448422219777
1470730596922101771
1481747586230882304
1496293590254985218
1438341840265269249
1504729619433689091
1477147443896598528
1449710380540911622
1463046571189284865
1459061496776777728
1442727566507339777
1474064957742460930
1477455999980163072
1493441146458152960
1491469414960619522
1461028579526029322
1500892609920733187
1497763086614208513
1485741706431631367
1447239725849272322
1465983323272998912
1451173060233478150
1460153168491339782
1465301362711810052
1447399603905699840
1508041694138224645
1505287481679388673
1499752815610183681
1479026561273712640
1470346732844339201
1453498806121766912
1467861428262653959
1490747523304083460
1459557986788155407
1445966638247907328
1489986131726848003
1462168657094578179
1505213170666909699
1509230753388843009
1436101269161132033
1501558661931573256
1454741997684609030
1475869869178564610
1465203615740555272
1503353784298348548
1506725029186355207
1498563831039242242
1497598305173323780
1503916359494746112
1436180085443280900
1462459357132697606
1482067909732098051
1465505964753399820
1459178121857359876
1486183183276134407
1487011386538356740
1457286895067619330
1474329773618999297
1447160720878080002
1464252641526038532
1474596303011078144
1509306971840724995
1491034503397392388
1469825469340168192
1438052858453131266
1468940157688721411
1473321309882966021
1495514718085296132
1448923398978015273
1455345340358533120
1445360438187724802
1441010593616519170
1486491374409207814
1487463402679246852
1485339014462849024
1470152245526286343
1488264695156920321
1486001315905945618
1470778169066233860
1483754687354609669
1470017992285200387
1469895234809069569
1449457850661494792
1490273829683400705
1463434752581640203
1469782296773464065
1491620591824166918
1503850867358842889
1501899260182380548
1476014953333235713
1439871336395026433
1457875064637075461
1487732383537418240
1486312632135172098
1463137403359612931
1494210516000018432
1508989721418125315
1445070112197947394
1443104314570903556
1435943811121831939
1463033363095244800
1441156672899059716
1482415360464744449
1474576664638091265
1439311312299995139
1490724134950776839
1457292832117567489
1507243099663499264
1465614460710756359
1489710983417405441
1437555321422057474
1490472089408606212
1476393201569189895
1466109628190797830
1503692889909764099
1452567529780559873
1472634945705324550
1477768187877941251
1491515763143983107
1469265358003613702
1436351842049425409
1468041973152063488
1452422866260021248
1500626428945215488
1473755957192794120
1482018610428014593
1437213045181358081
1490610126214123521
1498969354033152003
1445292519307292673
1438724339260657667
1479744322258051073
1442995996540039174
1477704409677279236
1485996166873554953
1499406479664848899
1477587778150019074
1504971221871755266
1435856868291788802
1479408616201498640
1468496109333065728
1506654649654386695
1502625411091644417
1443074573096865793
1457725079782035456
1474795778736541701
1437094295589302277
1452532380460220418
1444242577503498240
1469101144165203968
1473618589391339521
1442851799472427027
1485700112420593664
1499211352254124036
1480214471918374919
1454882197559816195
1447785037437542401
1437600921400324096
1487123736020979714
1489320063903707140
1473152941049716740
1507767698595405826
1506417243097206786
1446529210902880267
1470363118480117764
1496928681633234944
1478854066599985153
1489308058979385351
1461111430229336070
1461590775221784576
1465445871068147714
1501566632635908098
1474478569384562698
1438456190959300611
1457871921903669248
1448477798922870785
1456344472938336260
1460535577011384320
1471956450058506243
1483514950723129350
1440268089170354177
1455053328572895232
1452897288460779525
1477713877861294083
1499351820430458886
1504732922795941903
1487780672156672000
1491270057246494721
1441485006707347457
1471847290990206981
1460795101668589577
1504465093181931525
1455713507027083266
1453208463954399235
1451611415656153096
1445806846120370184
1445774500545527816
1470484038850908162
1487102592136187905
1447298676649570312
1451729043339059204
1463043695020851203
1442600921700048896
1481578121144975361
1509113253770809349
1490877242146435072
1487574059554594819
1455738504156176384
1455849754857021454
1438963151769411587
1470511891005030402
1485461659862716417
1437350304589045764
1503197138771009540
1464622895477542915
1500102588963995649
1503424706229248001
1452965521289322503
1443004829429809155
1447822971083497476
1489976097051664391
1490916870475874304
1480242454645329920
1459629511671271430
1508211019226697731
1501132893321629703
1480844877680230400
1507175503278616577
1477059164660719623
1463250398748327941
1439368455526957063
1508665436472152064
1501991789397426181
1505307625549877248
1506705336886960130
1442555285516603392
1457217714775367680
1468875442597806081
1501951541892182017
1472342537729978371
1446321537141854217
1452289623443529730
1474356084680892417
1506706785067016204
1477682362746130437
1436469181101318144
1509007001166221318
1504685051987968000
1443967256791326747
1507468274317078533
1440253603768254540
1492880702588821509
1472417505767571457
1508323461227515909
1501179829596700677
1447265712771272706
1458226714522365959
1503424949335347204
1458314673313366020
1467333259566665728
1445334954259501063
1509675397134303236
1500347881730949120
1492664494228656129
1459660223673782274
1459861044172660737
1493383097991274499
1483098157303009287
1471229374338850817
1481361588351385600
1455540178563604493
1499651211540058112
1490621087197110272
1507396674020384787
1444974365695635458
1507952021588041731
1495259639465885699
1447616112120799238
1494149349563109376
1439752038368350210
1442412831530360832
1474458699510996992
1460279226482020357
1443789782476263427
1437880166785617929
1468317782336946184
1483032530123173888
1463632356581904391
1503071800560865282
1449844539154382848
1442071740176236548
1469013548638560256
1462910786850938882
1453755689462009867
1467941779504877572
1458094270368337935
1496958703072911363
1498268401109774341
1440733336851214336
1474448669432762370
1470111124133756937
1459241542397345796
1459942645531389954
1499400959163723790
1487773802889154562
1470306370570403848
1437017839840505859
1493383097991274499
1446890154573000704
1444971465204543499
1463999638692929536
1505576244850704390
1499433343124918286
1489971898209509378
1471648616989274117
1506209583668375555
1493628991495974913
1485377443376467968
1476072790344093697
1498567367437471748
1506542956085399553
1436693425395572739
1479029127340457986
1437426167137583104
1439969357275205633
1488602866524860426
1479734053527900161
1444124883101917186
1469316469976715272
1471186033165352970
1439613073833086976
1487650916329148416
1455450531774750725
1503671569108938755
1491803262613278722
1440829998496026629
1439887866067394564
1469893229600464896
1444030927781306376
1483369603946401793
1480985025013325827
1454208381363781632
1480111417147723777
1494154446036619265
1448475753583050753
1495837247861624839
1472000400366600192
1500662756063821827
1496353773127667712
1504382343934406663
1494622984157347841
1502504602016665601
1500255578567761924
1474934314236137479
1483702317866434566
1493775906850041867
1475937585071640586
1466845791264329737
1454599933563183107
1493138814285783044
1447579066022961155
1464149479347703818
1502809826061029377
1488795082358607874
1479189219507589134
1486993152984727553
1454339121976123393
1467664224876781570
1479116894770655238
1473316918266408960
1499435402117238788
1503125287365607426
1487085776001245186
1486935628591869955
1503137945808687106
1467080065162747907
1450827547151904773
1507192762403274757
1484619509386338306
1494474800173129731
1438447412620713987
1502330046484201476
1439075202688684034
1439725068259667974
1485030055709487107
1444232158080483328
1481794486699270144
1443630431677534209
1488234964822859781
1471627304984055811
1505598095870025735
1437887146107588610
1493157746350632962
1445470856692387841
1440139619945771015
1483164794240778245
1451995173693632523
1457721129238474755
1504726769164697601
1499126380130414594
1507582671329042433
1444863850147364864
1467649107414200322
1491159657913946112
1457384375730024452
1467296513793552387
1462101764530970628
1445185932664082432
1454256471093522432
1439031112450330625
1463490113720229890
1508056739282919427
1486641168955838470
1476822602697957377
1451804185901600770
1508854473812238345
1447877261118648329
1443136496324780033
1455509770027343874
1464025127423721475
1441349036187942916
1458074325433597954
1436265052286464052
1440917704689569794
1482234682926419971
1435817809737486339
1508502868621467662
1509494213767053318
1472059140252086274
1436647971685376002
1454813325037121536
1451785501283848196
1440502003050815488
1465963340535115777
1465407831289573383
1448946447546716183
1479633406107566086
1438392114304323584
1509319461001732103
1483639626493353984
1485141178446143491
1479620968796626948
1493299833993670658
1445930689916903424
1499607396758560770
1499786196708438016
1437591157685604360
1448069112589176834
1480809942038859777
1465645260395229188
1473486942880907265
1459260382795776005
1502085858790363138
1439203081443581963
1447958767224623114
1452522249626525703
1502411283140067330
1473236017444442113
1487982865753247749
1491279330067898370
1442939087590080520
1486424137715392516
1488843422471491585
1487046255364739073
1450513148096696321
1454869302901833733
1446545599172653058
1437203817804836866
1451694859908222976
1472525619867099139
1488515436010356740
1492963712579383299
1484828746414755844
1458714221756268545
1458910609051893772
1460082009351475200
1466433979314229256
1470164571499417603
1439760580785713155
1458125756215791627
1460349492952190985
1493504580721782789
1470273480914579457
1478186738396844032
1473107656546082816
1442656999498473481
1484996668911194112
1509291818273447936
1436521841506459654
1444244670490431492
1465352669141241857
1500397773576830978
1476464681401425922
1438216385419698177
1498456956767453184
1499891423281397760
1442278312991154178
1441494410739556353
1449629517744689153
1460722534169595909
1490927254570176512
1493761845370441729
1476146169009131521
1489677314027929603
1470144152994201603
1462998880295944200
1493602795492102148
1437831843013931013
1478535067857080320
1508959358545121286
1450512990298460167
1437191237983895553
1490534082777808900
1479630027251752968
1443711916082229249
1475252989707362309
1490884826660237315
1493906237657948161
1472850357671927810
1473897747690536967
1479326003981799426
1470844677364629507
1488549035891847170
1489369476344786946
1496589366390661121
1443353217702707201
1508239266651983881
1475259200892723200
1508462697750351878
1480237088326897668
1444764235846897664
1462253229513719817
1458942610329022464
1449616504698417153
1450264795631005699
1444003862042533890
1436187366679408683
1495565082679386112
1451032986648907787
1456350222318247940
1463462968323153926
1490473773358854144
1501574408174981121
1497523253572685828
1461256769108283395
1476282102916292618
1495480778326687748
1448671598970646530
1509509860483866633
1507820710563127297
1501545796373778434
1442503860442910727
1446953632377737216
1439340031718699019
1466851633518809091
1472758419702484995
1469357726329417738
1479686181054861312
1507095011124740096
1462229999512137731
1501493319116886016
1449154233530343425
1507020170438619138
1501732077250613251
1471168379000086533
1455540178563604493
1488104497150844928
1501594481036075013
1438532933342711816
1508214219472519169
1439238344685330432
1436534490344476675
1478261821278547969
1449444031843479562
1456258215478390796
1489230229247860748
1467026705491673089
1464521621562003461
1461102315981656064
1496614199295819777
1493074997509648388
1482928475337945091
1492744002835480577
1486459243712679936
1448069112589176834
1477039746727751681
1446703756846919680
1476982085734866945
1444386505447776270
1496597873701621766
1452607427740717065
1437877664686161931
1449076850177691651
1446301160902696961
1467494265194491908
1481057445816455176
1490228213070528515
1463361066415575045
1494870045595369472
1493664629016326144
1476767233959337993
1490322340466540551
1440802373945868300
1446483173362311168
1461772452078436358
1469372259919806467
1492904706447872001
1509525637828067328
1475517207442567173
1505849474161295360
1469537487772995586
1498377885593178113
1484996014843084801
1490920694611574785
1464235520062636040
1436013499151421443
1488204142724014080
1462299159944261633
1487210059839025155
1473667073691766785
1474993040519356416
1445790868368093188
1499640793316925443
1509390984794279937
1496752098611847171
1481997544544784390
1441522151186649088
1489815967085608961
1498416493805117442
1461357512892948500
1436213126349926400
1491448819040792577
1489707906803060737
1470441230525997071
1499652533693915137
1485662393124409349
1470236202489942020
1483961081869611008
1436839805199990787
1453914209427902476
1436370833853894684
1463909247826239494
1467154722675212293
1438432061224804352
1458677957527015424
1460560811567419395
1472780524049641472
1451224398426484736
1458346379965730816
1472161815392104451
1458813048144211968
1479474541223190530
1441232329662365723
1435906011458637828
1477233662613614596
1436201643410821122
1474897358425047047
1486473022064132097
1459730353585856516
1459305280622063618
1497410440179113985
1448857647474565122
1454364806664933376
1480059899572805634
1490223418712616964
1501895597288083462
1438730946547798016
1455774051398557698
1475615031077318658
1450208305251561476
1497349325164367875
1452736687826669568
1447404076568702979
1496742620181241857
1470804496066482176
1479394537797738498
1439414506921340931
1465049570740617222
1475932862889267205
1469241407970115587
1476014951625998336
1451328914077458435
1487680905405624325
1475609769297723396
1507755467262418954
1457253879465140233
1450183335146401798
1509304660968062981
1453784018525114377
1437530395453665280
1475273687351934979
1488250723292831745
1436803730288963585
1454080401845141505
1487424348399017986
1478073731704569861
1475242485995610115
1499529543413116933
1504740432021966852
1507246878697877508
1504225632569499660
1495666572375080964
1451055265793691650
1498196060463943684
1468722929005473793
1461183853377245187
1438291795054579720
1478900093281517568
1475144336388018179
1442867869398667264
1448983298475237377
1476181617894776837
1472646276734935047
1470027853601329154
1475659512262520832
1475304014996594690
1504323527847075844
1491581497790369795
1475909350149562369
1482441075533008905
1498991619579777024
1487767651497787395
1494908257114390530
1506905630677905415
1493870416947032068
1489553007373078528
1490934787896647682
1445359371823759361
1493507598351417345
1500967995841122309
1481653403092598791
1493586170319556616
1462454755222036484
1466275825158955008
1458437493552992256
1439337670241513472
1469078118648406018
1473842126341431298
1484033098497118208
1451957370544791552
1502199141077856262
1472247643854315530
1477202231799730177
1503446147909705739
1477108057511497731
1450954552144908290
1462858352992694272
1438185851125698561
1503947911301722113
1444749216190971907
1462019106719338499
1471197208473186314
1464780127422738433
1487561310631968772
1467795552846987270
1504399407118233608
1436384939113582596
1445479707823067136
1440296720001241103
1458723119703674881
1436886435647397889
1447457100334964739
1507083543247142916
1491201032197906433
1467194493787119628
1509319450532757505
1444533393224466433
1451769085688107012
1495405364422000650
1491205687174901761
1481663766651891712
1478769190852907008
1477364470406008836
1484864667143057410
1437848787829989379
1459023514648731651
1455764447809703937
1471628740417437704
1484106823980314626
1504258552910663686
1449947233441386496
1461831607401299976
1478977843329646592
1449482697559011328
1496841085301272582
1453245623302598657
1467803089893793798
1479622236524847107
1467866801233084423
1438677530987225088
1474100058232700928
1476303524745162753
1502071919822135296
1452017143923580930
1502689860972335113
1454855555122544643
1441851671173160967
1439933635260411920
1484510827927556097
1493470090196664322
1472182177831870466
1471844725053349895
1464357041879883791
1445112094857310209
1490768141345075207
1487661628762038272
1496501193971019776
1499119329530417153
1506276980257349639
1456118490193088513
1435960792214556673
1489780234241069060
1442403447286886404
1475305522395955202
1497362383181729792
1494670689374285829
1452539478292131841
1470604607017701379
1438025642101153798
1478387548112183301
1471186306998931457
1477115477176500233
1469388244672520192
1451953360454647808
1499369235591610372
1453039797149204482
1452013820201746434
1506686521361014786
1460831926218940419
1453183533510430724
1460699864887480323
1450727453761093635
1472217747966812168
1441698934846640132
1443390311837863938
1499406892698845185
1453497216908152836
1436207955926556672
1464451505185079302
1459595700723925010
1461192536198815746
1439974721244876802
1505285840129331201
1495208084431519746
1486203246679052288
1449142998797803524
1442287358926229504
1486484881450352643
1508021038470287360
1461050569745911813
1490892100199927810
1485004191823106048
1502583265139433475
1464705094423912449
1477859400874602499
1472075363706675200
1462243332185374725
1482029327688646665
1466758196169744385
1478094402669142021
1449490510100373504
1458500932128419847
1472606615610314755
1484643606531088389
1472975636411170823
1479379366832324610
1478549286379876354
1439263828986843139
1493497866115248130
1505462916912676864
1497241214189506563
1449104970142396420
1463150332637290502
1486234024532410368
1501505061159059456
1454595851695841282
1496562024268107777
1499358205893300226
1495103203838504960
1495820722706522113
1446621455081369601
1461173806840561667
1467695708505448451
1483791749029969926
1453374266829795338
1450531583782526978
1496424099882614788
1504634725301956609
1439238344685330432
1459394393920532482
1504286434710142978
1439615862294515720
1481782931550982148
1442439155619962880
1474728828706738179
1474064957742460930
1473760297471127558
1467460142962728965
1483739368431001600
1439681618638249984
1453410941572239361
1472604088118427654
1478800496970416131
1461881006382792712
1479194252529778688
1445507228966928385
1441715103729008653
1487427358369861632
1466495006835810305
1501471730245636097
1439189265896906756
1480898315994730496
1455650299184562182
1466057077059637257
1444369453362434048
1495382735665332231
1454344770046865408
1494079451033964547
1461126814470852608
1509160555554168832
1446626666772635652
1508115261735374853
1500763533474156544
1501962886754750473
1467376368820367365
1490178879805435908
1465574650906300416
1439944276268433408
1496909715963801601
1451632729309724676
1499079310707200001
1501956294487384068
1443332031006523396
1495367428339126276
1500121318750146566
1442321341093457923
1480581776393207809
1436650285313708032
1446379434135605248
1444791861290446848
1481679369026289675
1475915522919354376
1484021577629184001
1473182350209163266
1469521912619544584
1498493868081303553
1449345412213743621
1471129931094675458
1500595169154023424
1440081678521696267
1482709680778526728
1485261272098930689
1486460663224406016
1438550780555010050
1467891095690383361
1466074445391568908
1500249172313841664
1483856481728483333
1460149770949775363
1454321371195052033
1438799257872449546
1469488173587836930
1448066167860568067
1480883682768470021
1445833244910440449
1491826146467528711
1452129160395067395
1442223551449292800
1504036057653862402
1483950661863620608
1440539573663113219
1455521015971278848
1476662047014375434
1497749827207188485
1485038190192779265
1448849855804289041
1456241233991450624
1444816423616909320
1438842548634603528
1443138050620547074
1467758601330638849
1508606183485153291
1503463247793602576
1480859976826597376
1495417617091284993
1486345523678244867
1457185186714570755
1449786301247418375
1471468023320125440
1476909750143131663
1447815600672317446
1470554229756604417
1483153431309303811
1454263059711680521
1453921384380485639
1469013447761448968
1491319055365840901
1495604189568901131
1468756378940542978
1467729655167799297
1454139296739479567
1480906212392812552
1467469921600909314
1493431004509450241
1482271861601759234
1436429369300422660
1506948244084969474
1505573689290592263
1494246087217094660
1476336024800436229
1482858810347687938
1445231755397529611
1486084207944294401
1487989488836132869
1478640542103842816
1470250204863602691
1465663976696651782
1447966372315729926
1468160255221772293
1509266977487007750
1484792455778258944
1464133380417765376
1506308924756185097
1498447354948722689
1443295234796969986
1501588443989610496
1509202388388880384
1495684125310787590
1471187281440563202
1459096793594142722
1443733304566484994
1509167316084350981
1486143715777339397
1490163727731200001
1484194035296313351
1489480886483656704
1483297693107724291
1453423151661125633
1495131220451405826
1437020756479729665
1440585751901589511
1478076712558772227
1477828417085222916
1503958747923853312
1435950166452826115
1484018369846079490
1457984860778160128
1483378449662328835
1453649212231540740
1455224177426845697
1440055977563222021
1492660388667830278
1455941804113678340
1497591576700370949
1452867869188898818
1456161157497110529
1461918187897769991
1437238990311198721
1477017386033233923
1503245479001280514
1484657585798402049
1446023298333089793
1438571501167513602
1500894760059510795
1439157967111217153
1462147917813329921
1448583984166969347
1446421585913683968
1484238683679166464
1445514667045138435
1484186456860073988
1452101095048814595
1436693711111565317
1477240470866644994
1460701080162082824
1437991328437051392
1441757295633842176
1472142592565514242
1441543484071026695
1466683108955078657
1436162271131148288
1478185774071832576
1435775417198256129
1481835255761817601
1473963066488287232
1489481090293288960
1454529124031160322
1501137076456419332
1442229733274488839
1480314265655336967
1441218051634962438
1497290104070627335
1470776871231148032
1458561737985253379
1488931943932645385
1494138581299855361
1456329227284926465
1500870756493938688
1443757526802001952
1490816531906789377
1436882188268552192
1473231362333286408
1439646463533862913
1472897602790301705
1449654926334910464
1466437844717563904
1440905611680624642
1463218393155350532
1452465862351286276
1465103680839905281
1500885684629868544
1506296182183809025
1500174968189038594
1465330832063688713
1463705617156259840
1507429800830504965
1473582058425360390
1474950565281116166
1451154902923812871
1459035679128952833
1437250966600957954
1442184402499342341
1507407477670920194
1449853478331994117
1509235784116850693
1484206773166907395
1458198697632837633
1485310243558944769
1465824280239878145
1506727686005305350
1484515187076087812
1491286741063725056
1489250488272908294
1490704594984443913
1449413607012413441
1479112482950041601
1465710011712110600
1486861768349532168
1500966261630509059
1440029041126379523
1482959481659183105
1463052982820356096
1457339438820888581
1475659297316999168
1473476955722952708
1452072576596037635
1497246581158027273
1499011587226669073
1508231840041164802
1455094970432512000
1440440470753013760
1454027616659312647
1467886734826373121
1473519725267329024
1504476333262315523
1507188010399506432
1445774500545527816
1497820197369294850
1452532394251096065
1443245514716106752
1471404335254818818
1451286373860773896
1465927654402527236
1509511840573067268
1457608890565210113
1491554853532979204
1501664731702071297
1491315476601147392
1437589543432212481
1444312495460655105
1484131859504123904
1486446118896496640
1497089876860162051
1451937143585222658
1444707404382457870
1465792143646150662
1453421838638456834
1469142368582569984
1461482181948317701
1469708084545269765
1502203683559251969
1503720666176008195
1447410309992378368
1462713059839864832
1503722576450883594
1471599627124285444
1482683957443534853
1477846703038509059
1467353411733659656
1488561939403919367
1508287821051703304
1486601377505628166
1471869763873878033
1448738702063136779
1467596149007609856
1476627523693858833
1482363105527148546
1438273234693132290
1489367740905308162
1491803266375585792
1496325388166909954
1446004923083083778
1441116369315979264
1464560861973032963
1479858904653778951
1458343128222605312
1493341906184523776
1442313199861346307
1444612396006395906
1465765555856719875
1472775036914192386
1460910786738626564
1438943686969200644
1464406876456730629
1467723921688788993
1458088255744839684
1439784927168397313
1464020228170559500
1446623081909342214
1494463725381865472
1474696880584015873
1467540276520620038
1463232520804188171
1487154183744770048
1447241314349862914
1459315788968431618
1440431815437668364
1462023198858305537
1465900709698801664
1469635144147517451
1438167553935826953
1462289443302170634
1454340495124176896
1455718232489398277
1456350593144942592
1477687005056155654
1441130331508121601
1461861557176913920
1437026790032216073
1447519258133483529
1487502536353398788
1437284232548818945
1436237714387570689
1436672948937629705
1449133685538623495
1455053523117244417
1486249251000578048
1467073901293277185
1463209525259898880
1453336050726805506
1478482606291365889
1445797076328144899
1467682876573450241
1451224398871019527
1437232731763593220
1508850063824412674
1438967309201068033
1477809022371876867
1495675157809369088
1472318432326656001
1500765420969734147
1475764311570239496
1470139022454312960
1459089668348125194
1440679129892876289
1471569940738101251
1468745652310061056
1479254272105713667
1484895561459408904
1507675053047091200
1436797207177539584
1499572171332472838
1442713463684538370
1494632240554430466
1467573172413157377
1471715029565255683
1478285417866620929
1460750069628497920
1491087110568558598
1477091192097628162
1497371749280714753
1494892890069569537
1483263319113084929
1509202564595789825
1456347850229436417
1462050281915654145
1452877621474185224
1476706652082507782
1441293813247512576
1465786779206754304
1450013844714127360
1449647217690779651
1441758810134044680
1500819397732044800
1459654382681661446
1465407830496788488
1485605630748602368
1462109833440624641
1478073250500554758
1477100024765026306
1443942315907768321
1470126762856226820
1482290244414107649
1460226716274765826
1451916221553725446
1465097694603448324
1457700477630562309
1505302395500351498
1494798872291520517
1458218269819564034
1453444201035743238
1509496591786381314
1488942383110574084
1481130726716235780
1440601997674115073
1489507414110003202
1470817979659169795
1481957392883634177
1492237423031427072
1462993250633936896
1448656902338928641
1488516991937921028
1457243852515983364
1442216734170124297
1506770282211516423
1499538170534248448
1438741619914706949
1454953962365341704
1449882889760428033
1471325998255853573
1461979732635959307
1484294276636975107
1445607036364853255
1485306489170448387
1449358287695134725
1509631661230731270
1481990687046443009
1483870688071098368
1487142479052869643
1439068839359270913
1500189129908400132
1438103141019389954
1507750483074576385
1467166252821008392
1465236652989767680
1509212100836610048
1441498648953516032
1464213441338507264
1475993997344657413
1480947738208444417
1444492934427004929
1462173061357133825
1490584931810041859
1499503683989819392
1441446217389510664
1498373347188649992
1477525322639847425
1471993249652949006
1494803097314820096
1480725018141245441
1482912849395470341
1469381691911417861
1495825342963097600
1450292774859849728
1486930151942213632
1463992104699506693
1503706785793814533
1436623527810158593
1454236088835448832
1490464514327945221
1491843996678823940
1477420631037997056
1463279019911229446
1506493091133415425
1500100457619988490
1477550608051810304
1463585108322103300
1507358130597883907
1484103059835863042
1459186705047724041
1440701048650223623
1478493226138935298
1475912750513672202
1452931394917765127
1455269219218694145
1478049867364712449
1443503443323281409
1497811495387688961
1446035525886889985
1469305268022530054
1473965760036888603
1450305350452727815
1489656970579693571
1445974736006156290
1450486852247511040
1495885633604276226
1491645230214529024
1502447960960995329
1464144649463947273
1441767212079935494
1500184754758602757
1446072779225407489
1445271481269866498
1462602644485283844
1474261798232674305
1448460329734782976
1509571962632343557
1455697146749939712
1482098290615365634
1469803406277623814
1462795116356251649
1459102131307356163
1466817381758554116
1467512119419543552
1469167854641680387
1494377454668025856
1488642969531928577
1486481904706670592
1498754038531178497
1488189267855781891
1471962546760568837
1454186092798808067
1492734354086322176
1498988440469266432
1471842385776676864
1480638233797087233
1478006769666478083
1491237285698093056
1479638689059782658
1454160581376806914
1445312696270872576
1441029219178401792
1499109319085903883
1470364408287219717
1461183856313135107
1464868290199756801
1457953116989579266
1492237718029541387
1502745699267465217
1468547720654864386
1447548032308875271
1468797752842801154
1450706916691222543
1493729760115052545
1486410486178480131
1489627443711426565
1475703554794921987
1451649386413535245
1504625358406004748
1471360262577922049
1470361751719919621
1466596037074825217
1470569964973150213
1490313462614204422
1493405477375393792
1503754033194057735
1502834361007173633
1445921675078352897
1451920696511242243
1449452455700357124
1496811239082651649
1437051326417018882
1470572805314039814
1462621787381026822
1450969311867293704
1467498213796204549
1466122549989986313
1491876906869923842
1441838453155500036
1502973012060131332
1498650379269070850
1456384701543825417
1503224320151076866
1475568038674108418
1479416875956195332
1436266945347719168
1454830924370268162
1460517818521300996
1469315232946348042
1464046352414003203
1502484072848838661
1501121554914193408
1444742366548668418
1437425025552814085
1489046274112372737
1464661900407443457
1481283330419138563
1438842057712357381
1454546128632942594
1440187838415339527
1437030824210223107
1460419170835783682
1447734128678420481
1473215147774779397
1445997515904626691
1446843743148126212
1495131224351907846
1442726228415303681
1453017655485554698
1454182043231866885
1460656163523989504
1446628426048180224
1480827124223143939
1473334606069829632
1453902529050316801
1506156200672784384
1437589543226650630
1490153176028307464
1459258873186037763
1500950986801643523
1465007409768931333
1480471985138323459
1459272851375202314
1492034650289618969
1489811474243637248
1475034504251256832
1481684949694664708
1453277960195223565
1445937406558056453
1504881796818874368
1453509988979134468
1464245119603945474
1497122287258324994
1450321995950747648
1457305190051106823
1462661981362659331
1435818168375644160
1458871628335616010
1474926193237495809
1448773890138849281
1440719679509520386
1479902636904050691
1499929009429401604
1496338441831084035
1466217993931833347
1487067696470528005
1451876257046544388
1470203767211663368
1455592836599095296
1483781421521059843
1487348330527178752
1463128143489908743
1483516205961035786
1506593351935610884
1454743647673626624
1495595467723481090
1478016886390493186
1452309761530253335
1477044211472289792
1457278348195815431
1459026646468464640
1442945159952359424
1468551778321014792
1485838958072414208
1445142725465083905
1454015793935667202
1500656791767724035
1503383454347456516
1498908274854346754
1484225238132879360
1441680319430762497
1483106188384698368
1463582797214408711
1474424100215001102
1458951387056943105
1483229816207908865
1491515760283324418
1461471178174787584
1493300111107104768
1491518537076289536
1439592636449542147
1506628154944888837
1465755414218301448
1457824703096184837
1491075919699922944
1440209474782842881
1451694891931770882
1505091603446353922
1447258157986631680
1480704877894541313
1477911980790931458
1460895371673092097
1469984405183766531
1453505205257998336
1482131147685609476
1468953256890150912
1507007567586758660
1487772389450600449
1484404905095970816
1472905746320928777
1444889749697675264
1465414898976972806
1447223594577117185
1500573908205981705
1490427598794473472
1444956869693296648
1463695463639654401
1440396564552314885
1447533580700192771
1481930917912395776
1501204164860387329
1466319906031341571
1440751494232350722
1491780530756591617
1452813836017442824
1445098601663827971
1496295068528959491
1446752370147352582
1464043085428527132
1472059042675802112
1498534123136294914
1509166706324819974
1468896708025278464
1473857388180647936
1440792699947274243
1462498685074518021
1491981952114741283
1478870654682218496
1436338326827589636
1463215099884277767
1454351647921090561
1449449062734966785
1508151370083287041
1475950155971055624
1436838554387173379
1455090013130031108
1482090127224672259
1465966953504378887
1469928911270150144
1503589700665155588
1444609461990068225
1453013999545634827
1488783309190668293
1479553213590380548
1437260602414665728
1447975049210777616
1447732207557226498
1473540336374804480
1474101046351962114
1472778776438263810
1482540799753703424
1489543982392934400
1478247805365854211
1453734249534668811
1457821325045780483
1478462611784093701
1464881476906987520
1464267992179556353
1497967718540005376
1500314174005653507
1498640862208839684
1438984537304797184
1438005785557037056
1439352276481712135
1473254615848296451
1455950531181129728
1439219761209036810
1466532311520841728
1443088373996945411
1481041005327618051
1496444435760132100
1477084192244527112
1480281924602114050
1444830325436076035
1464308282730893316
1482035391687368707
1464164494226214915
1487468742250479616
1468770874622894082
1485254076602490889
1442431032855343104
1497510283593629700
1478518135196196867
1476411524549951496
1480507787255889920
1461049289237581831
1455358048365592581
1470456327688359942
1508197124357320708
1509028113530830848
1467920610894434309
1451780876916903938
1508311422307950605
1487121882268774403
1483623728294551559
1509513563995578370
1465004336312950798
1469720990951301120
1497443391747297282
1438252280638316552
1486615431968342016
1483743761498845188
1449827799955562503
1468686538301218822
1442513414643851269
1483128535321481216
1481350955908186114
1480693828025651201
1460780989592965121
